t=9;
y=85;
z=325;