t=9;
y=85;
z=325;

ccc=56789;


g = 80000;