t=9;
y=85;
z=325;

ccc=56789;


ddd=111111111;

eee=2222222222;
