s=90;
c2=80;
d2=c2+s;